 -328201.134 -1771409.572
  642509.815 -2887063.304
 -357513.917 -1038008.083
-2441526.494 -1099837.360
  383591.218 -2141996.750
-2558639.739 -1460905.642
  443861.381  -830493.000
  725374.556  -877037.345
-2181119.449 -1428005.714
-2193371.398 -3528241.755
  663170.419 -2531257.993
-3139933.253 -2936365.488
 -209056.924 -3387020.846
 -516009.899 -1554817.533
  872736.023 -2677178.307
-2644298.819 -2451445.200
-1359797.529  -974323.427
-1122766.503 -1741945.732
-1279761.798 -2070536.521
  -82677.742  -600838.204
-1765090.204 -2007538.940
 -472639.266 -1841028.895
 -858894.255 -1930728.492
-2631947.328  -588373.629
-1860995.011 -1597921.194
 -621459.936 -1875490.967
  752424.192  -392146.305
  433017.054  -888510.522
-3035455.848 -3211055.489
 -631893.577 -1423308.679
-1989302.499 -2095350.964
-3397207.656  -971534.481
  852167.093 -1133946.016
 -893238.775 -3300603.856
-1594100.309 -3318949.712
  190545.227  -632148.534
-2752742.717  -420565.888
-3402829.160 -1123588.813
  -49384.268  -421772.241
 -779696.604 -2566738.399
-2508150.453 -1896218.302
-1112642.509 -2215830.604
-1627657.526 -1743218.190
-3223142.623 -3336717.293
 -434473.934 -3399798.064
 -447539.685 -2570830.603
-1595194.601 -2820689.799
-2612484.238 -1579594.942
 -989439.349 -2114919.226
-3112159.998 -2464436.119
-1835936.757 -3462127.282
  959226.313 -1407188.772
  866058.601 -3041168.883
-2123610.151 -2564246.065
-1039209.610  -837968.269
  823068.799  -654539.343
 -714098.556 -3110903.506
-3475102.510 -1151770.699
  591380.813 -1064393.330
 -895473.136 -2380640.330
-1463379.375 -2692837.768
-2984905.789 -1199282.579
-3135910.597 -1810992.274
-1663185.818 -3221418.990
-1301782.409 -2498193.474
-2438071.537 -2149316.124
  695204.604  -468619.136
-1394917.921 -2439743.609
 -699587.703  -987183.078
-1484766.508  -569755.338
 -221522.854 -2462718.916
  651289.703  -927062.405
-2757496.588  -627647.058
-2574787.049 -1916291.539
-2627925.413  -443398.035
   74883.230 -1459572.705
 -188844.257 -3481896.634
 -229591.312  -340761.388
-1129126.578 -1994797.689
-2066017.427 -2020098.632
-2775861.297 -3336443.113
-2657221.463 -1649032.060
-3551238.043 -2644919.588
-2883989.418 -3096467.689
  947473.312 -2702639.253
-2735415.143 -1412619.926
-3407327.368 -3537800.860
 -452382.280 -1674434.846
-1640476.275 -1117172.909
  279826.297 -1001962.460
-2679945.437  -783368.118
  389370.481 -3194845.296
  945142.664 -2381414.061
 1040324.571 -3073268.962
-1857862.542 -1140435.178
  349558.546 -2101209.524
 -291051.765 -1182136.200
-2412694.577 -3334286.357
-3007227.476  -576622.103
-2972330.565 -1529261.913
 -779047.689 -2399310.538
-1410016.790 -2604652.586
 -457590.415 -2917974.041
-1772658.572  -626307.262
-1023043.185 -2784160.079
-2602789.903 -3435582.442
  416450.239  -989041.516
-1242503.267  -433617.924
-1600071.110 -2269499.957
-2769661.250 -1261493.681
-1695153.717 -1533152.567
 1055615.651 -3247554.800
-3126762.815  -591740.936
 1003228.787 -1132372.331
 -296332.733 -2048507.686
-2056209.445 -3108676.591
-1414946.438 -2487078.746
-1587317.560 -2092637.567
-1397060.414 -1943896.108
-2517408.394  -744063.612
  290988.405 -3501897.137
  307659.806  -565728.612
 -652106.488 -3037867.998
  934691.607 -2378841.053
  959073.188  -855398.999
-2295336.144 -1549200.925
 -712755.575  -829528.970
-1416010.275 -1229458.529
 -438526.506 -1603452.620
-1866695.763 -1337306.732
   99451.480 -3514281.560
-1636025.451 -1526593.326
 1032978.402 -2398042.461
-1895837.648 -2112369.252
  807634.427 -2169833.238
 -270069.755 -3076280.722
 -730787.399  -714233.695
 -595667.013 -1838003.286
  919587.945 -3084421.161
  831710.142 -1289451.867
 -862311.147 -2760156.158
 -755107.604 -2062218.074
  953892.756  -484042.898
 1087330.057 -2559263.052
-2788940.378 -1409710.152
-1597900.511 -2957240.086
   41675.338 -2645559.718
-1279587.484 -1362552.596
 -288796.413 -2689084.999
 -506589.582 -1025191.778
-3345141.809  -346913.391
-3059476.555 -2302116.706
-1251691.972 -1187842.195
-2295960.714 -1419637.697
  487881.853  -448784.773
-3486967.148 -2292075.431
  151048.692  -414192.121
 -556400.939 -2564612.741
-1773404.498 -1691066.618
-3297513.213 -1467003.173
  552812.180 -2055307.078
-1369350.384 -1514239.393
-2881288.077 -1849464.712
-1654014.696 -1789781.722
  887140.665 -2545641.498
-1849552.199 -3306807.742
     489.342  -855762.143
  487128.942  -554871.925
-2075560.732 -3237113.061
  585505.825  -951538.670
-2776732.858 -1478410.389
  695575.100 -1979265.583
  -27883.754  -715069.731
-1778755.659 -1467037.176
-1571335.300 -3056568.144
-1537547.629 -3017730.239
-1043772.372 -2330389.949
 -916097.259 -3479208.307
-2609940.571 -2548135.037
-1835840.344 -2368354.197
  186551.195 -3472500.487
-1441628.572  -492369.910
 -465781.508 -2828764.318
  537944.955 -2715215.746
-1359403.018 -3354581.646
 -111225.297 -1790796.754
-3278464.673 -1027107.018
   29754.536 -3379566.498
 -253592.018 -3494426.245
  455527.069 -1680192.964
 -214760.408 -3371781.881
-2379813.068 -2890584.424
  177437.731 -2414321.561
 -653662.297  -890549.950
-3094156.235  -961017.739
-2824854.327 -1647996.108
-1705320.172  -608255.165
  569352.719 -1433938.328
-3064997.609 -1663234.682
-2667473.207 -1742994.950
-1405258.223  -862228.764
  900008.936 -2211502.623
  134376.690 -1922198.626
 -987244.417 -1792060.257
-3544776.311 -1952196.268
   42101.863 -1317686.654
  245610.500 -3299734.770
-1520534.068 -2629318.444
  713743.720  -526066.841
 -594996.587 -1804482.501
  662583.482 -2512693.051
-2049579.048 -2538107.490
-1070966.868  -693489.084
 -952800.619  -410539.842
 -859279.917 -2061907.347
-2512676.506  -748547.975
-1880724.344 -2180039.192
-1289764.428 -1684912.742
-3505454.245  -970198.508
-2319007.397 -3357198.189
  835725.459 -2068956.644
   -7071.004 -3013898.264
-2263169.922 -2438208.289
  594618.719 -2255920.962
  219374.344 -1752743.003
-3041844.628 -3249880.719
 -191005.863 -2591902.902
  330355.042 -2109739.728
-1996917.822 -2114055.664
 1025558.582 -1618698.280
-1792777.946  -399164.968
 -689512.982 -2821980.055
-2610504.236 -1033469.104
-1332444.473 -1995246.429
-1877904.062 -2074368.011
  245342.205  -612258.034
 -318405.227 -3340728.330
  723441.820 -1209555.628
-2187554.996 -2513401.237
-2075643.879 -1410266.951
-2291942.286 -1863519.065
-1905988.325 -1024152.738
-1545884.696 -1490540.482
-3381618.004 -1059136.147
-1291434.099 -3011162.808
  243799.035  -364315.726
-2350836.588 -1330245.103
-1854800.641  -551114.315
-1891314.358  -510941.161
-1016556.234 -1629916.659
   27848.751 -1657705.200
-2163245.770  -725415.759
  499867.104 -1936492.495
-3128140.767 -1725996.768
 -616368.165 -1627932.818
  -34263.275 -3340912.944
  182346.621 -2990241.768
-1956598.382 -2930078.291
-1647501.328 -2198344.773
  300625.977 -2550314.992
-2463867.850  -978384.481
-1993608.309  -679603.670
-3437638.300 -2129449.973
  933296.808 -2417537.758
  982984.385  -501978.719
-1001788.995  -672513.380
 -200300.640 -3425518.576
-3043108.210 -3354761.701
-1121333.503  -725958.835
 -153945.637 -2411857.399
-2785841.003 -1210384.304
-3032433.876 -1033299.934
   56531.943 -2639512.868
 -199589.030 -2138894.490
  854767.375 -1562145.620
-2614450.176 -2730434.048
-3075621.807 -2778940.448
 -148421.815 -2305490.227
-3169380.173 -3154573.542
-1666515.551 -1317692.359
-1535166.526  -655222.587
-3486850.557 -3301607.010
-1909869.583 -1930301.215
  551968.734 -3069746.535
 -377899.225 -2024430.943
-3070849.383 -2731998.646
 -235330.903 -1285500.211
   42429.997  -335992.571
-1833005.238 -1972965.577
  883230.152 -1929236.939
-1489245.243 -2155831.712
-2538353.784 -1132479.009
 -185887.307 -2752076.526
  623728.973 -2608793.743
-2674547.005 -1803733.082
  665981.331 -1063696.648
-3192698.380 -1903666.577
-2606017.701 -1299428.028
-1613517.596 -2337903.012
-2815065.356 -2820117.845
