-1298576.8420,-2393850.0311,     246.1986
   89799.7594, -642335.3592,     238.4768
 -749936.5385,-2145434.9581,     238.1463
-2684093.4283, -768844.5334,     242.7520
 1004977.1367,-1767273.7431,     227.1507
  667103.2835,-1233801.2785,     227.8534
  178503.1888,-1443987.5506,     229.4766
 -953724.0803,-1018576.5367,     237.6980
  -12528.2647,-1779915.7682,     230.1577
-2005489.7264,-2178611.2283,     247.9996
  230073.2369, -469304.6373,     240.0991
-1640666.1001,-1231932.9836,     239.0480
 1038550.4261,-2028403.2838,     230.2468
   67778.8276,-2365232.1627,     235.6344
-1029989.4249,-1128216.8241,     235.6395
-1992626.9300,-1763391.6849,     238.6678
 -449878.2336,-1618349.6550,     232.1315
-3508668.5401,-1142649.6019,     248.5544
  845378.9858,-1378341.5326,     226.9028
 -219667.1008,-1575250.9670,     229.3266
-1857755.9296,-2049499.3247,     242.1279
-1855948.7702, -594830.1954,     242.9865
-1898833.3537,-1826524.2219,     239.1749
  766130.9184,-1482505.0391,     227.4883
-2307095.9262, -342720.8829,     254.6474
-3256709.9106,-2371087.8434,     252.0655
  191549.4640,-1806740.2240,     228.8461
-2941986.9184,-1255016.2044,     244.6737
 -740909.8112,-2051163.5701,     237.7773
 -744221.3597, -710419.9476,     238.9438
  988914.0928,-2855420.7926,     226.5250
   23806.7393,-3041684.4033,     221.0576
 -869757.6972,-3548121.2486,     219.7445
-2899681.5739,-1858581.0833,     244.8143
 -783862.9708,-3185653.1992,     219.9865
-1144629.2879,-1283864.7701,     234.8497
-1829803.0798,-2544516.9980,     246.9443
-3149804.6872,-1838886.2789,     247.3834
-2330489.5063,-2319924.2151,     251.2600
 -370880.5685, -902189.9789,     235.0333
-2402192.1073, -374321.0190,     254.0088
  904774.7180,-2329510.1313,     233.6836
   96995.1187,-1111947.7011,     230.3695
 -336118.1405,-3519658.6788,     219.5222
 -408540.3061,-3466112.7236,     219.5407
-1749276.5818,-1713531.0384,     237.7936
  170872.1571,-2608173.5877,     230.3056
  264452.0223,-3080697.5249,     221.1102
-2597216.1826,-1084863.7574,     246.9334
  420665.6773,-2120711.3045,     230.7495
 -861719.7316,-2677448.3128,     226.4935
  457719.4739,-2671956.6307,     229.6849
 -305103.5378,-2461345.9480,     239.6007
-3474406.4718,-1716857.5003,     246.7417
  663877.1860, -545136.1601,     233.6255
 1142965.9415,-1758572.7730,     223.6962
-2187014.4870,-2536218.0088,     246.9457
-2942086.4868,-1977499.9071,     250.4870
-3094319.2315,-2195668.7328,     251.5588
 -724465.0081,-2739957.3483,     226.1525
-2412821.7184,-2887053.7095,     230.7260
 -342441.5385,-2639412.0486,     230.7134
-2830686.0945,-2754627.4413,     235.4275
-2320551.8505,-2884486.1781,     233.8961
  136076.2657, -937792.7947,     230.5873
-1060129.8512,-2581327.6255,     226.8092
-1351534.7928, -781702.0668,     238.6463
-2005661.5546,-2181126.9990,     248.3219
-1043232.0407, -345720.6008,     244.0461
  625922.8604,-2570012.8945,     232.5007
-3537531.9999,-2671845.7411,     250.7956
 1008114.9537,-3437790.4021,     221.1464
 -773826.5397,-2734342.4612,     226.6118
-1536375.4331,-2615385.2144,     234.6369
-3327014.1805,-1805932.0307,     247.7961
-2117833.7475,-1381983.7415,     240.9561
-2990341.1066,-2589560.5179,     250.1361
 -816159.9937,-2875748.9518,     222.1562
 -496501.4375,-1604693.6529,     233.0136
-2797780.7104,-1432782.3939,     240.2049
  244796.0255,-2039818.6935,     231.3859
-2129810.6815,-1743000.4650,     237.2780
  646376.8563,-2197979.9421,     232.2934
-1009144.8774,-1031236.9436,     238.6696
-2209870.0247, -901258.9193,     243.7141
 1095890.1473,-3157187.5896,     223.3987
-1568054.2777,-2483715.8539,     245.1169
-2989487.4020,-1155125.4526,     248.7896
-1267764.6903,-1818010.2851,     239.8777
-2321840.4965,-2880717.5600,     232.8180
-1948505.4097,-1788338.0981,     237.4488
  478755.8710,-3520863.8779,     220.3709
-1411014.4187,-2266832.8986,     242.6491
  942201.8976,-2158385.9272,     233.1262
 -411661.2262,-1463522.0019,     232.1022
-2623577.7914,-1458013.6476,     239.7879
  326694.8457, -946498.5292,     230.6480
-3105439.3531, -987977.9684,     250.0175
-2178857.0624,-2565208.6357,     243.0611
 1125875.8954,-1680100.2726,     223.6783
-2560724.6148,-2847257.5713,     232.5169
-1863604.5129,-1141471.7147,     245.2629
 -466641.9154,-3184466.5499,     219.5509
  911878.4228,-2129132.0395,     229.8134
-2047021.4801,-2002022.6832,     247.7034
-3403082.4091,-2448861.0952,     252.0314
-3043079.7016,-2088657.2717,     251.5070
 1094410.2895,-2866164.0737,     226.5203
-2074668.5105,-2230272.7726,     249.2010
 1044274.1499, -732783.7280,     232.5571
  498545.7027,-2250302.5324,     233.3364
  247296.0742,-3281572.2818,     220.4149
-3401111.9267,-1088709.9453,     250.4737
-2363852.4065,-3228049.9038,     223.5488
 -807244.4300,-2825746.4561,     223.9300
  980858.1056,-1376264.0371,     226.1833
 -769570.9965,-3295687.7890,     219.9326
-3314668.9126,-1185322.2589,     247.3921
-3513552.1388,-2538317.4596,     251.8807
 -152018.6536,-2150757.7714,     235.4692
-2867067.5136, -486076.8103,     250.7048
-3167104.3373, -690554.4517,     244.6252
 -374881.5258,-1075342.3236,     234.3079
  277229.3855,-2062838.1161,     232.7176
-2151914.5542, -386469.6587,     251.7521
-2258188.2682,-2881054.8988,     233.2824
  259347.3353,-2485339.3680,     234.2895
-2594030.8224, -794005.3906,     242.6263
-1219955.3582,-1191903.7183,     235.7155
 -408738.6987,-2475431.9083,     235.0620
  906333.5715, -977189.3497,     229.2220
  209806.9967,-1756451.8901,     229.4365
 1111304.2502,-1231150.6025,     229.2720
-2781212.7116,-2274863.8236,     251.5343
-1238624.7628,-1280555.0433,     235.1762
-2014051.5772,-1624381.9833,     237.4014
  734104.3537, -781547.9906,     230.8703
-2267534.2324,-2859193.3686,     236.5040
-1205829.9955, -764778.8485,     237.7937
  391451.1852,-2448328.4115,     234.5896
  -61605.2829,-1820212.7754,     232.1448
-2387124.9615,-1879465.0433,     243.2910
-1043502.9636,-1910795.9363,     238.5088
  424270.6369, -712520.4866,     231.0632
 -379637.9701,-1633414.2318,     232.5242
-2026469.6672,-1973238.1548,     242.2113
-2533413.6939, -854383.7744,     243.9441
  963544.2571, -498054.2332,     236.9639
-1067213.5545,-2946411.7742,     220.2880
 -463826.2246,-2879387.8826,     221.5614
-3154539.8312,-1352628.3298,     240.0115
 -572167.4084,-3268566.3578,     220.0072
  274746.8050,-3189229.7266,     220.3072
-2922685.2979,-3051311.5470,     225.8686
  717865.8747,-2975290.9974,     224.5296
 -119205.8535,-2720229.5787,     224.9283
 -255440.0655,-2464056.9302,     233.9366
 -244188.0535,-3528864.2758,     219.2904
  535309.2404, -884900.7159,     229.3683
  599944.4128,-1699703.9768,     227.4355
-2330198.7882, -985672.3037,     245.8179
-3528008.0917,-3113324.1520,     230.1093
-3559538.6657,-1122543.8169,     251.6041
 -704498.9239,-1357982.7967,     232.3164
  482950.9428,-3077109.7403,     223.1518
-1413547.2010,-1982595.7181,     241.3813
-2420311.7200,-3440402.6619,     226.7561
-1418834.9641,-3026542.8974,     221.2860
  237385.2258,-2131341.9099,     232.5769
  670827.5103,-1331628.9630,     227.5763
 -104355.4614,-1427869.0907,     231.2950
  290158.1195,-1709278.4686,     228.2100
-1045984.0123, -675203.9648,     238.8618
-1729792.8091,-1383340.2991,     237.7022
  409770.7567,-2429268.2773,     235.0790
-1891239.1340,-1831213.0755,     238.9895
-2488759.8556, -645043.2686,     243.0406
  759238.6687,-3121694.4574,     223.4434
-3350518.7589, -445450.9455,     249.7320
-2896770.2866,-2950557.7182,     227.8907
  821362.9327,-3279646.9484,     222.6711
-3535223.8519,-1164129.9898,     250.8580
  756276.5120, -630398.1490,     232.2658
-3283475.2944,-1547882.8071,     239.8283
-2793111.4840,-1341541.1047,     242.6906
-2050452.1016,-1432649.2327,     238.9486
 -372671.1459, -859137.8149,     235.0720
  143109.8692, -397430.4364,     241.9103
-2966453.8460, -410676.3603,     252.0432
  294101.4690,-2794119.9517,     225.3521
-3188285.2471, -814025.6095,     246.6215
-2382507.2356,-3455241.7653,     227.1140
 -267114.8726,-1175517.5779,     233.4214
-1774648.3974,-1749296.3298,     239.0684
-1514582.1514, -984831.4593,     240.5660
-3062239.8274,-1307936.4360,     240.3816
-3409071.8938,-2024867.1970,     251.5822
 -797724.2885, -419281.5601,     242.8123
  118350.4277,-3030538.9802,     221.3111
  155109.8228,-1966567.6352,     231.9658
 -567314.7553, -906558.0010,     235.9172
-2371719.2417,-3521858.0161,     226.5503
 -560662.2955, -649180.1063,     239.2345
-2687515.8941, -791081.7676,     244.2952
 -713406.9153,-2454377.0694,     233.0139
-1181227.3541, -637550.3336,     239.6708
-1326940.3658,-1512662.3394,     233.6368
-2058489.2331,-1533199.3351,     237.9770
   22096.3410,-1437062.8983,     230.9356
  249318.6096, -402628.9602,     240.6643
-1920552.6409,-1453867.2405,     239.7466
-2734281.0940,-2395221.4008,     251.1937
 -502664.5304, -993352.0822,     235.4911
 -780489.4179,-2595483.6167,     229.5384
-1960353.5888,-2502436.9442,     246.5910
-3545361.9277,-1105666.7157,     251.9360
-1105384.5827,-2895921.2549,     221.8339
 -589336.3781, -335844.4485,     244.0694
 -424976.7428, -783850.6671,     236.5050
  753624.8552, -429963.4930,     237.6416
  600546.6359,-2776709.0156,     226.8233
  687738.1039,-2884122.3781,     227.3784
-2188959.7782,-1861907.3174,     240.7669
-2211002.3009,-1526855.7433,     241.5374
 -604188.8133,-2672341.3757,     228.7404
  -28962.7980,-1337285.8264,     231.9808
   49929.0763,-2556784.4223,     229.6729
 -637125.3515,-2836833.5612,     222.3438
   22966.1074,-2293564.5280,     233.4069
-1754522.9909,-2944005.0914,     229.8889
-2933801.8036,-2698468.6178,     241.3073
 -785326.4640,-1988796.7533,     239.2864
-3097804.7588,-2848068.0782,     237.0962
-1097676.2225, -931255.3561,     237.8221
-2670721.3788, -548530.8032,     247.3040
-3140194.9342,-1607684.3050,     240.3954
  941721.7379,-1684186.0864,     227.3354
-2945981.1308, -481994.6038,     251.3183
-2702152.4010,-2196632.6676,     251.8430
-2856600.8318,-3482289.9519,     227.8984
 -246494.5988,-2190003.0248,     236.5804
 -872548.5715, -779063.1270,     236.5495
  428637.6521,-3292451.6358,     221.2977
  944765.9527,-2790890.0350,     229.3068
 -194909.7822,-2015747.3813,     232.3857
 -250745.6012,-3076030.8717,     221.0844
 1065304.0296,-3438366.0499,     220.2989
-3428160.8724, -847092.8983,     248.9766
-1555018.2522,-2884631.4074,     223.9796
   23245.7871,-2194167.2044,     236.4130
-1267368.9190,-3481533.7420,     221.6482
 -456952.6965,-3196223.3702,     219.5581
 -350748.4804,-1366195.8196,     234.0142
-2300243.7117,-3433693.9562,     227.0586
-2612469.0832,-2796990.3652,     232.9832
  533994.9240, -826907.2462,     230.1245
-3426920.9264,-2981489.9992,     239.2551
 1020598.0983,-3442247.3136,     221.0220
-1067439.2779,-2426899.6501,     233.0673
   42320.1746,-2152561.3777,     234.7063
 -705383.6539,-1123500.1190,     234.9710
-1441696.4967,-3453506.9577,     222.8917
 -240327.3831,-1465684.3192,     231.6738
 1115383.7528, -628067.4344,     235.9556
-2059580.3927,-2401016.0084,     248.3236
-1753199.7713,-2960171.1366,     225.8509
-2964734.2717, -642687.5190,     243.7858
  299423.4154,-2218449.9116,     234.4733
 -759679.0316,-3110585.5296,     219.7177
-2542948.6094,-1149473.3957,     246.4869
  443410.2532,-1917805.9276,     230.2821
 -967205.8748,-2231884.1196,     242.4537
-3207759.5321,-1405729.6504,     240.3627
  222199.8621,-3289862.4691,     220.2225
-3393554.5556,-2683406.9909,     248.3073
-1159822.7927,-2772393.7293,     222.8038
-1401786.9031,-1141545.5035,     239.8393
 -565288.5264,-2711654.5651,     227.7979
  459444.1294,-1458873.0544,     228.2685
-1723702.7501, -797781.5574,     240.0151
  238414.2223,-1822538.7810,     231.1002
 -676794.0883,-2061267.8535,     238.0935
-3312577.5481,-1211215.4850,     246.7141
 -102758.4395, -677781.8878,     237.7822
-3407611.2622,-1017247.3066,     251.8606
 -277990.9351,-3406236.9962,     219.4238
 -984765.7444,-2079214.0126,     240.5633
  146383.5554, -920381.5018,     231.0516
  164511.7597,-1721625.0165,     230.4961
-3392923.0662,-2225702.2862,     252.0374
-2529444.6883, -788569.9534,     242.0706
-3424134.7338, -557560.6766,     247.0294
   61423.3338,-2120366.4626,     233.2287
  441763.1482,-3356511.2916,     221.9151
  816096.6042,-2487559.8159,     233.0164
  470476.1923,-2194684.4360,     232.9972
 -566106.3340,-2382803.1604,     236.9884
 -607429.9810,-2702585.1093,     229.0525
-2214162.6960, -439603.9498,     250.5374
  524358.7952,-2515374.2652,     232.0918
